[gd_scene load_steps=5 format=2]

[ext_resource path="res://tester.gd" type="Script" id=1]
[ext_resource path="res://default_env.tres" type="Environment" id=2]
[ext_resource path="res://models/test_bed/test_bed.tscn" type="PackedScene" id=3]
[ext_resource path="res://gun/gun2.tscn" type="PackedScene" id=4]

[node name="MaterialTester" type="Spatial"]
script = ExtResource( 1 )

[node name="WorldEnvironment" type="WorldEnvironment" parent="."]
environment = ExtResource( 2 )

[node name="Testers" type="Spatial" parent="."]

[node name="White Plastic" parent="Testers" instance=ExtResource( 3 )]
transform = Transform( 1, 0, 0, 0, 1, 0, 0, 0, 1, -36, 0, 0 )

[node name="untitled2" parent="Testers/White Plastic" instance=ExtResource( 4 )]
transform = Transform( -0.249484, 0, 0.968379, 0, 1, 0, -0.968379, 0, -0.249484, -0.00659943, 2.82801, -3.89112 )

[node name="CameraHolder" type="Spatial" parent="."]
transform = Transform( 0.877582, 0, -0.479427, 0, 1, 0, 0.479427, 0, 0.877582, -36, 2.8, -4 )

[node name="RotationX" type="Spatial" parent="CameraHolder"]
transform = Transform( 1, 0, 0, 0, 0.877582, 0.479427, 0, -0.479427, 0.877582, 0, 0, 0 )

[node name="Camera" type="Camera" parent="CameraHolder/RotationX"]
transform = Transform( 1, 0, 0, 0, 1, 0, 0, 0, 1, 0, 0, 5 )
fov = 65.0
near = 0.1

[node name="UI" type="Control" parent="."]
anchor_right = 1.0
anchor_bottom = 1.0
mouse_filter = 2

[node name="Background" type="OptionButton" parent="UI"]
margin_left = 15.0
margin_top = 6.0
margin_right = 109.0
margin_bottom = 26.0

[node name="Previous" type="Button" parent="UI"]
anchor_top = 1.0
anchor_bottom = 1.0
margin_left = 30.0
margin_top = -50.0
margin_right = 97.0
margin_bottom = -30.0
text = "Previous"

[node name="Next" type="Button" parent="UI"]
anchor_left = 1.0
anchor_top = 1.0
anchor_right = 1.0
anchor_bottom = 1.0
margin_left = -72.0
margin_top = -50.0
margin_right = -30.0
margin_bottom = -30.0
text = "Next"

[node name="MaterialName" type="Label" parent="UI"]
anchor_left = 0.5
anchor_top = 1.0
anchor_right = 0.5
anchor_bottom = 1.0
margin_top = -44.0
margin_bottom = -30.0
size_flags_vertical = 0
align = 1
[connection signal="item_selected" from="UI/Background" to="." method="_on_bg_item_selected"]
[connection signal="pressed" from="UI/Previous" to="." method="_on_Previous_pressed"]
[connection signal="pressed" from="UI/Next" to="." method="_on_Next_pressed"]
